/3.2
(ODB.1
	FirstRootClassName:	"Legend"
	Roots:	2
	Version:	32
)

(Legend.2
	SymType:	0x01
	LegType:	0x01
	ClassType:	0x03
	Symbols:	3
	Class:	10
	StdDevs:	1.00000000000000
	NullSym:	11
	NullValues:	13
	StatValues:	14
	Precision:	-3
)

(SymList.3
	Child:	4
)

(CLnSym.4
	Color:	5
	Size:	0.10000000000000
	Symbols:	6
)

(TClr.5
)

(SymList.6
	Child:	7
	Child:	8
)

(BLnSym.7
	Color:	5
	Width:	0.10000000000000
	Pattern:	0.00000000000000
	Pattern:	0.00000000000000
	Pattern:	0.00000000000000
	Pattern:	0.00000000000000
	Pattern:	0.00000000000000
	Pattern:	0.00000000000000
	Pattern:	0.00000000000000
	Pattern:	0.00000000000000
	Pattern:	0.00000000000000
	Pattern:	0.00000000000000
	Pattern:	0.00000000000000
	Pattern:	0.00000000000000
	Pattern:	0.00000000000000
	Pattern:	0.00000000000000
	Pattern:	0.00000000000000
	Pattern:	0.00000000000000
)

(VLnHsh.8
	Color:	5
	Size:	0.10000000000000
	AltSize:	0.50000000000000
	Interval:	7.20000000000000
	BasicLine:	9
)

(BLnSym.9
	Color:	5
	Width:	0.50000000000000
	Pattern:	0.00000000000000
	Pattern:	0.00000000000000
	Pattern:	0.00000000000000
	Pattern:	0.00000000000000
	Pattern:	0.00000000000000
	Pattern:	0.00000000000000
	Pattern:	0.00000000000000
	Pattern:	0.00000000000000
	Pattern:	0.00000000000000
	Pattern:	0.00000000000000
	Pattern:	0.00000000000000
	Pattern:	0.00000000000000
	Pattern:	0.00000000000000
	Pattern:	0.00000000000000
	Pattern:	0.00000000000000
	Pattern:	0.00000000000000
)

(LClass.10
	IsText:	1
	Precision:	-3
)

(BLnSym.11
	Color:	12
	Width:	0.10000000000000
	Pattern:	0.00000000000000
	Pattern:	0.00000000000000
	Pattern:	0.00000000000000
	Pattern:	0.00000000000000
	Pattern:	0.00000000000000
	Pattern:	0.00000000000000
	Pattern:	0.00000000000000
	Pattern:	0.00000000000000
	Pattern:	0.00000000000000
	Pattern:	0.00000000000000
	Pattern:	0.00000000000000
	Pattern:	0.00000000000000
	Pattern:	0.00000000000000
	Pattern:	0.00000000000000
	Pattern:	0.00000000000000
	Pattern:	0.00000000000000
)

(TClr.12
	Name:	"Transparent"
)

(NameDict.13
)

(NameDict.14
)

